30
201 217 262 309 221 314 199 310 155 228 236 141 160 109 326 21 352 100 140 175 289 297 194 176 208 144 338 306 26 124
32 237 8 135 304 350 285 52 318 318 358 173 292 293 169 190 285 248 44 264 234 213 53 197 345 277 191 39 152 173
97 69 283 269 167 80 208 50 7 119 226 55 224 82 226 142 345 330 249 165 132 224 160 330 255 37 22 354 244 239
245 63 77 131 48 275 116 222 133 119 209 15 161 232 361 351 38 239 77 232 59 364 239 213 93 152 171 174 90 228
59 124 41 247 240 116 51 285 72 347 135 242 300 5 36 228 306 246 36 355 357 321 172 187 357 21 221 165 270 8
15 162 104 358 44 132 109 176 44 252 117 322 152 336 24 80 253 207 207 316 97 186 191 335 35 337 211 31 340 102
117 4 244 308 49 237 262 308 106 97 67 146 215 202 8 61 303 135 2 54 248 208 99 257 269 106 352 159 91 276
211 145 217 328 209 234 82 326 348 249 164 164 309 358 256 43 109 280 298 151 145 247 322 92 213 115 322 353 253 215
265 241 183 195 349 85 236 145 155 226 222 174 8 172 111 262 241 106 106 140 226 274 157 321 50 38 109 34 209 130
216 202 210 13 239 354 239 118 158 81 328 52 135 36 160 360 326 96 295 197 257 164 37 37 336 129 261 172 365 308
55 331 317 14 60 186 225 61 46 285 310 316 295 151 208 52 149 13 26 359 255 137 166 154 264 19 317 134 357 7
313 85 5 280 132 345 267 274 63 124 191 179 20 124 73 66 7 63 290 170 82 320 127 345 339 223 258 218 12 287
61 183 227 19 211 256 87 363 341 98 225 248 196 316 216 275 267 353 114 203 146 78 77 82 68 80 345 208 270 166
180 355 84 249 93 32 22 21 159 179 114 322 255 357 138 226 66 199 10 312 25 272 248 175 166 248 196 222 328 261
362 172 80 167 243 331 97 51 8 84 277 322 117 331 140 236 215 119 304 190 230 1 319 114 100 156 292 324 68 249
348 167 251 177 79 288 346 84 267 322 93 115 78 350 190 173 10 260 76 57 156 267 137 236 170 79 102 69 215 295
316 273 43 247 189 102 49 64 262 258 145 170 207 307 67 75 53 61 179 46 130 264 344 12 280 273 274 34 330 80
31 274 202 268 214 17 352 77 107 105 88 248 37 24 6 203 340 4 245 305 287 360 103 257 215 67 24 188 178 212
357 288 320 222 124 80 351 167 85 321 347 180 344 262 292 178 231 259 320 182 107 309 310 71 226 283 5 356 127 315
55 285 359 360 175 276 182 2 234 99 135 150 50 157 301 109 70 147 187 45 82 358 36 149 315 208 356 126 351 288
331 151 283 132 122 146 30 111 149 283 85 339 49 119 20 348 265 6 5 195 282 112 54 323 30 92 33 248 246 296
90 158 154 275 204 303 315 139 266 36 99 94 48 217 21 174 111 179 96 168 167 192 250 162 254 312 104 159 139 302
67 186 288 32 21 241 255 76 285 310 284 249 95 66 137 26 215 4 100 326 136 49 72 285 168 338 17 262 292 180
29 172 190 323 112 179 211 152 351 64 236 174 13 287 158 204 187 59 196 53 249 238 102 197 48 119 144 54 350 59
69 48 330 212 199 34 167 333 322 31 168 293 265 321 146 35 330 156 252 173 256 212 120 262 277 10 233 267 88 280
59 4 291 113 351 85 168 184 216 349 314 204 167 36 348 227 211 316 300 58 332 363 298 32 59 35 230 232 146 347
23 342 155 164 95 266 310 271 13 113 351 44 130 163 131 143 6 195 68 309 147 196 340 249 37 223 346 36 318 34
166 21 120 32 85 87 225 307 13 191 6 188 157 238 25 199 92 12 81 212 93 282 48 138 5 180 43 359 226 90
356 137 362 17 150 114 60 304 234 295 179 234 362 135 24 115 286 293 106 26 89 250 242 139 90 232 244 339 189 312
155 182 203 157 105 301 258 270 152 164 132 354 303 133 338 146 17 270 85 164 128 343 298 94 360 140 354 255 331 328
109 45 363 89 92 84 39 179 348 326 86 131 252 141 22 335 267 42 322 231 100 49 139 137 137 119 274 249 87 291
63 184 164 109 112 324 307 129 87 270 184 203 345 74 232 201 317 190 344 128 275 9 256 55 354 49 363 259 165 259
26 224 107 246 56 164 153 255 48 139 221 37 140 351 327 27 354 8 200 358 101 55 217 95 328 79 149 212 202 357
100 100 167 355 147 10 91 325 185 259 114 102 137 327 192 10 274 229 122 121 338 353 315 62 18 330 93 121 163 325
39 188 128 187 271 142 249 194 228 345 260 326 75 248 125 234 247 201 321 100 199 55 104 313 12 232 260 110 3 168
137 9 194 204 337 132 33 184 149 57 9 156 126 331 228 4 102 354 77 253 43 37 211 106 254 197 246 265 347 142
1 83 237 167 220 355 215 305 352 334 7 244 255 161 297 251 187 237 122 11 289 336 36 198 162 362 190 140 254 295
34 169 84 302 150 197 228 324 324 322 226 120 49 148 358 199 319 227 184 139 337 198 198 45 338 249 303 105 354 16
336 43 14 39 64 116 143 90 348 206 110 331 59 212 324 219 163 87 332 213 59 54 242 123 161 229 28 132 255 333
91 321 15 159 22 189 23 174 332 68 271 159 328 69 246 262 194 191 112 118 365 2 133 219 172 237 139 2 358 355
64 243 120 107 249 74 24 338 222 113 175 148 104 232 88 326 188 158 135 339 167 217 124 158 355 217 49 130 36 240
126 239 216 300 241 148 145 14 365 360 129 164 264 343 233 246 297 98 357 206 325 350 280 42 255 100 123 30 54 280
23 8 89 51 158 96 191 318 283 66 350 159 43 119 40 213 216 342 273 344 310 20 342 218 359 326 146 286 139 78
54 280 251 70 240 329 315 4 36 33 182 227 213 140 89 36 62 360 314 328 22 99 172 173 43 176 167 186 358 354
155 37 313 15 43 177 100 168 148 86 146 22 246 46 126 313 261 146 234 140 146 9 158 137 225 242 26 229 301 334
239 246 266 119 196 116 41 305 148 284 148 103 118 261 11 205 270 146 41 194 222 32 257 243 232 11 351 325 38 249
317 326 11 1 196 343 148 350 192 291 134 363 70 130 7 310 190 282 308 263 137 232 82 113 30 197 32 101 81 4
37 10 97 53 25 188 24 82 313 135 60 21 205 333 283 324 167 328 56 122 73 261 159 156 193 111 128 26 286 154
275 142 339 59 11 128 327 35 144 318 321 244 253 71 361 336 278 212 134 167 183 235 138 93 134 202 96 49 182 74
249 188 102 36 192 311 43 145 59 86 18 214 355 273 2 223 66 212 224 63 30 251 322 357 263 223 353 120 186 293
110 306 201 152 340 152 191 342 98 264 321 13 136 156 1 35 91 358 117 210 314 235 168 134 163 244 123 209 322 283
345 329 363 148 138 327 353 24 290 251 247 85 90 197 80 283 61 273 337 264 108 177 166 71 181 76 285 196 309 160
51 356 156 110 308 29 299 266 38 357 58 286 112 91 28 14 156 149 40 321 208 158 90 104 218 342 43 282 357 224
341 1 144 340 89 246 92 82 177 10 15 3 234 339 150 254 138 258 296 218 259 197 349 167 129 220 328 239 282 137
131 244 227 167 106 32 320 86 42 30 78 118 67 224 148 135 273 266 193 248 179 53 1 62 156 24 24 97 77 128
341 33 79 220 314 261 294 58 59 125 222 266 43 243 266 312 233 203 297 10 175 21 334 30 19 189 107 276 261 12
153 167 64 302 40 245 299 200 173 215 323 328 268 210 150 154 137 257 189 131 325 356 270 319 2 58 254 250 336 13
260 324 65 309 177 187 52 47 132 227 343 88 338 231 104 254 124 39 220 175 352 214 54 93 94 74 319 233 180 278
329 132 68 259 195 215 120 296 116 75 164 291 159 98 131 109 334 358 268 17 266 70 106 191 211 138 285 89 291 250
126 245 282 352 269 321 52 365 317 133 162 17 178 119 164 182 208 63 227 32 182 166 317 341 230 279 147 114 153 325
296 255 128 170 78 97 22 211 320 72 336 271 44 342 123 241 65 265 43 61 329 274 21 182 358 32 36 142 316 267
207 212 135 112 125 361 277 210 115 345 240 205 189 207 178 19 329 38 203 225 302 268 265 90 15 352 283 271 80 87
330 236 16 125 122 266 37 214 174 277 300 92 109 341 56 363 121 61 298 188 52 316 83 127 26 89 258 267 145 357
114 184 263 144 123 144 266 290 298 258 80 117 356 356 60 326 107 256 66 161 127 76 176 243 191 276 312 221 325 181
81 44 228 287 41 180 168 312 118 50 116 353 177 180 267 27 26 103 321 330 269 122 65 355 343 163 185 134 365 289
72 171 196 28 106 303 112 289 216 188 337 4 294 50 265 260 205 216 337 256 180 132 319 230 305 159 79 152 282 152
5 12 118 23 84 311 186 254 269 85 36 44 188 15 343 176 84 215 248 328 217 336 4 134 174 340 259 200 17 210
322 66 190 43 12 90 82 46 349 82 213 198 40 317 105 291 167 12 8 255 151 18 179 365 89 287 215 85 275 179
87 272 227 307 234 84 347 49 285 340 310 245 180 320 68 85 364 47 48 128 173 93 25 27 345 236 353 92 263 165
128 106 93 337 97 165 47 322 192 17 52 196 116 166 229 120 266 110 9 98 157 73 239 180 312 126 174 121 354 25
97 6 5 333 177 152 94 248 301 166 85 74 114 340 289 45 262 176 204 34 258 84 153 251 2 193 5 201 187 304
31 23 19 331 353 238 314 234 56 12 1 333 344 11 102 68 68 328 253 47 40 146 97 278 356 206 234 267 191 71
146 151 283 182 52 89 354 365 315 245 226 323 16 144 256 338 334 92 192 58 130 288 44 356 276 23 324 37 37 117
278 192 7 258 353 349 225 44 202 131 109 98 340 295 98 60 303 321 360 283 286 323 190 354 25 210 173 168 160 178
75 327 155 77 131 138 60 235 162 262 96 21 191 358 13 121 331 76 298 113 202 360 311 245 352 90 41 74 231 28
365 133 361 301 221 101 47 135 213 278 1 255 73 151 349 60 121 327 234 210 103 94 346 87 266 164 121 148 289 26
40 345 144 288 81 182 250 120 38 67 145 61 101 88 185 81 128 260 258 281 9 133 232 59 85 236 99 122 293 341
349 288 116 361 302 324 38 2 232 23 275 328 57 44 156 218 326 130 38 13 7 31 216 280 159 308 292 133 338 91
110 181 142 56 178 226 215 270 360 257 255 341 143 220 97 218 345 269 50 265 263 102 338 291 243 331 155 285 73 311
135 310 259 91 238 302 339 263 317 119 298 247 333 246 101 293 135 1 139 237 205 246 244 211 105 284 8 53 146 110
113 276 344 126 325 221 315 227 239 109 126 169 201 250 298 283 36 237 293 141 16 12 298 329 295 4 19 38 229 286
184 23 62 324 55 328 283 21 208 348 359 188 359 1 363 192 44 139 343 360 90 96 168 163 277 35 75 320 207 14
68 282 39 102 43 51 131 257 2 228 156 13 243 142 147 203 32 131 23 231 102 169 62 236 353 223 56 74 294 124
214 111 208 358 187 90 355 85 133 21 288 347 203 174 145 361 349 274 219 13 44 291 153 332 286 269 254 98 335 54
95 71 277 363 168 183 210 364 349 241 358 340 315 235 132 91 325 115 234 330 157 337 14 233 282 36 184 96 287 65
274 227 290 57 110 161 293 202 201 84 173 83 247 98 8 328 38 207 107 46 359 75 52 342 121 137 19 128 121 172
117 144 346 124 309 134 140 317 10 254 304 7 242 350 56 301 364 337 37 88 317 252 108 357 159 47 291 273 248 89
343 187 227 93 36 237 323 251 281 16 260 201 20 235 145 209 62 100 300 81 256 57 323 278 353 290 283 201 363 195
225 132 14 28 6 360 125 318 301 76 317 156 351 239 24 202 17 92 334 119 112 288 204 60 359 30 147 188 244 81
147 85 281 192 193 182 87 339 100 184 95 72 195 10 257 31 347 154 254 189 286 236 62 172 137 241 152 1 251 6
109 293 111 225 130 276 296 139 211 220 28 172 29 265 136 36 280 43 252 297 259 39 281 353 105 261 201 192 199 324
270 316 350 284 102 292 290 286 241 208 212 266 283 167 345 293 14 272 54 317 277 339 31 5 189 176 81 335 101 63
257 15 12 158 319 158 163 194 184 172 198 255 236 198 126 198 37 244 117 191 62 23 203 297 117 105 350 330 353 235
227 279 226 115 360 57 324 238 280 124 115 158 134 311 74 9 178 290 362 338 333 185 44 53 10 145 329 55 197 45
74 352 246 111 236 98 45 282 95 193 22 319 77 365 49 30 71 53 251 345 19 78 38 17 49 315 116 27 110 352
94 278 274 148 365 24 195 260 345 208 145 56 39 229 150 240 109 346 181 168 240 188 169 332 342 90 323 97 257 340
179 137 49 282 145 125 258 80 104 113 38 186 332 81 259 267 225 28 290 202 306 211 177 116 322 17 335 187 100 24
222 310 193 347 197 97 343 38 112 105 359 72 330 4 168 326 299 288 281 111 248 236 117 355 72 287 246 274 308 222
6 136 235 214 162 58 328 14 118 144 174 57 188 56 52 176 261 65 304 73 22 210 107 167 14 263 350 170 244 113
352 233 194 177 293 357 137 91 130 247 139 361 241 338 132 93 329 263 359 142 12 278 71 46 41 356 16 55 84 256
0.74
